Applications Graphics Acceleration Info:
Uptime: 259498103 Realtime: 345409499

** Graphics info for pid 19245 [cn.verlu.sync] **

Stats since: 259488262172261ns
Total frames rendered: 243
Janky frames: 6 (2.47%)
Janky frames (legacy): 14 (5.76%)
50th percentile: 5ms
90th percentile: 8ms
95th percentile: 10ms
99th percentile: 16ms
Number Missed Vsync: 1
Number High input latency: 104
Number Slow UI thread: 6
Number Slow bitmap uploads: 0
Number Slow issue draw commands: 1
Number Frame deadline missed: 6
Number Frame deadline missed (legacy): 12
HISTOGRAM: 5ms=164 6ms=42 7ms=11 8ms=8 9ms=5 10ms=4 11ms=1 12ms=1 13ms=0 14ms=3 15ms=1 16ms=1 17ms=0 18ms=0 19ms=0 20ms=0 21ms=0 22ms=0 23ms=0 24ms=0 25ms=0 26ms=0 27ms=0 28ms=0 29ms=0 30ms=0 31ms=0 32ms=0 34ms=0 36ms=0 38ms=0 40ms=0 42ms=0 44ms=0 46ms=0 48ms=1 53ms=0 57ms=0 61ms=0 65ms=0 69ms=0 73ms=0 77ms=0 81ms=0 85ms=0 89ms=0 93ms=0 97ms=0 101ms=0 105ms=1 109ms=0 113ms=0 117ms=0 121ms=0 125ms=0 129ms=0 133ms=0 150ms=0 200ms=0 250ms=0 300ms=0 350ms=0 400ms=0 450ms=0 500ms=0 550ms=0 600ms=0 650ms=0 700ms=0 750ms=0 800ms=0 850ms=0 900ms=0 950ms=0 1000ms=0 1050ms=0 1100ms=0 1150ms=0 1200ms=0 1250ms=0 1300ms=0 1350ms=0 1400ms=0 1450ms=0 1500ms=0 1550ms=0 1600ms=0 1650ms=0 1700ms=0 1750ms=0 1800ms=0 1850ms=0 1900ms=0 1950ms=0 2000ms=0 2050ms=0 2100ms=0 2150ms=0 2200ms=0 2250ms=0 2300ms=0 2350ms=0 2400ms=0 2450ms=0 2500ms=0 2550ms=0 2600ms=0 2650ms=0 2700ms=0 2750ms=0 2800ms=0 2850ms=0 2900ms=0 2950ms=0 3000ms=0 3050ms=0 3100ms=0 3150ms=0 3200ms=0 3250ms=0 3300ms=0 3350ms=0 3400ms=0 3450ms=0 3500ms=0 3550ms=0 3600ms=0 3650ms=0 3700ms=0 3750ms=0 3800ms=0 3850ms=0 3900ms=0 3950ms=0 4000ms=0 4050ms=0 4100ms=0 4150ms=0 4200ms=0 4250ms=0 4300ms=0 4350ms=0 4400ms=0 4450ms=0 4500ms=0 4550ms=0 4600ms=0 4650ms=0 4700ms=0 4750ms=0 4800ms=0 4850ms=0 4900ms=0 4950ms=0
50th gpu percentile: 3ms
90th gpu percentile: 3ms
95th gpu percentile: 3ms
99th gpu percentile: 5ms
GPU HISTOGRAM: 1ms=0 2ms=24 3ms=208 4ms=8 5ms=2 6ms=0 7ms=0 8ms=1 9ms=0 10ms=0 11ms=0 12ms=0 13ms=0 14ms=0 15ms=0 16ms=0 17ms=0 18ms=0 19ms=0 20ms=0 21ms=0 22ms=0 23ms=0 24ms=0 25ms=0 4950ms=0

Pipeline=Skia (OpenGL)
Memory policy:
  Max surface area: 4561920
  Max resource usage: 656.92MB (x144)
  Background retention: 50% (altUiHidden = true)
  GPU Context timeout: 10
Contexts: 1 (stopped = 0)
CPU Caches:
  Glyph Cache: 789.67 KB (1 entry)
  Glyph Count: 61 
Total CPU memory usage:
  808621 bytes, 789.67 KB (0.00 bytes is purgeable)
GPU Caches:
  Other:
    Other: 18.23 KB (1 entry)
    Buffer Object: 2.94 KB (6 entries)
    StencilAttachment: 896.00 KB (3 entries)
  Image:
    Texture: 234.38 KB (19 entries)
  Scratch:
    RenderTarget: 17.11 MB (14 entries)
    Texture: 2.00 MB (2 entries)
    Buffer Object: 48.00 KB (1 entry)
Total GPU memory usage:
  21266102 bytes, 20.28 MB (17.31 MB is purgeable)

GraphicBufferAllocator buffers:
            Handle |         Size |     W (Stride) x H | Layers |   Format |      Usage | Requestor
0xb4000071bfe2df80 |    64.00 KiB |  128 ( 128) x  128 |      1 |        1 | 0x     100 | AHardwareBuffer pid [19245]
0xb4000071bfebb200 | 18216.00 KiB | 1440 (1472) x 3168 |      1 |        1 | 0x10000900 | VRI[MainActivity]#0(BLAST Consumer)0
0xb4000071bfebb280 | 18216.00 KiB | 1440 (1472) x 3168 |      1 |        1 | 0x10000900 | VRI[MainActivity]#0(BLAST Consumer)0
0xb4000071bfebb300 | 18216.00 KiB | 1440 (1472) x 3168 |      1 |        1 | 0x10000900 | VRI[MainActivity]#0(BLAST Consumer)0
0xb40000721b10a400 | 18216.00 KiB | 1440 (1472) x 3168 |      1 |        1 | 0x10000900 | VRI[MainActivity]#0(BLAST Consumer)0
Total allocated by GraphicBufferAllocator (estimate): 72928.00 KB
Imported gralloc buffers:
+ name:VRI[MainActivity]#0(BLAST Consumer)0, id:264724, size:18316.00KiB, w/h:1440x3168, usage: 0x10000900, req fmt:1, fourcc/mod:875708993/0, dataspace: 0x0, compressed: true
	planes: R/G/B/A:	 w/h:1440x3168, stride:5888 bytes, size:18755584
+ name:VRI[MainActivity]#0(BLAST Consumer)0, id:264723, size:18316.00KiB, w/h:1440x3168, usage: 0x10000900, req fmt:1, fourcc/mod:875708993/0, dataspace: 0x0, compressed: true
	planes: R/G/B/A:	 w/h:1440x3168, stride:5888 bytes, size:18755584
+ name:AHardwareBuffer pid [19245], id:264721, size:64.00KiB, w/h:128x128, usage: 0x100, req fmt:1, fourcc/mod:875708993/0, dataspace: 0x0, compressed: false
	planes: R/G/B/A:	 w/h:128x128, stride:512 bytes, size:65536
+ name:VRI[MainActivity]#0(BLAST Consumer)0, id:264722, size:18316.00KiB, w/h:1440x3168, usage: 0x10000900, req fmt:1, fourcc/mod:875708993/0, dataspace: 0x0, compressed: true
	planes: R/G/B/A:	 w/h:1440x3168, stride:5888 bytes, size:18755584
+ name:VRI[MainActivity]#0(BLAST Consumer)0, id:264720, size:18316.00KiB, w/h:1440x3168, usage: 0x10000900, req fmt:1, fourcc/mod:875708993/0, dataspace: 0x0, compressed: true
	planes: R/G/B/A:	 w/h:1440x3168, stride:5888 bytes, size:18755584
Total imported by gralloc: 73328.00KiB

Profile data in ms:

	cn.verlu.sync/cn.verlu.sync.MainActivity/android.view.ViewRootImpl@9a94cda (visibility=0)
Window: cn.verlu.sync/cn.verlu.sync.MainActivity
Stats since: 259488313980751ns
Total frames rendered: 243
Janky frames: 6 (2.47%)
Janky frames (legacy): 14 (5.76%)
50th percentile: 5ms
90th percentile: 8ms
95th percentile: 10ms
99th percentile: 16ms
Number Missed Vsync: 1
Number High input latency: 104
Number Slow UI thread: 6
Number Slow bitmap uploads: 0
Number Slow issue draw commands: 1
Number Frame deadline missed: 6
Number Frame deadline missed (legacy): 12
HISTOGRAM: 5ms=164 6ms=42 7ms=11 8ms=8 9ms=5 10ms=4 11ms=1 12ms=1 13ms=0 14ms=3 15ms=1 16ms=1 17ms=0 18ms=0 19ms=0 20ms=0 21ms=0 22ms=0 23ms=0 24ms=0 25ms=0 26ms=0 27ms=0 28ms=0 29ms=0 30ms=0 31ms=0 32ms=0 34ms=0 36ms=0 38ms=0 40ms=0 42ms=0 44ms=0 46ms=0 48ms=1 53ms=0 57ms=0 61ms=0 65ms=0 69ms=0 73ms=0 77ms=0 81ms=0 85ms=0 89ms=0 93ms=0 97ms=0 101ms=0 105ms=1 109ms=0 113ms=0 117ms=0 121ms=0 125ms=0 129ms=0 133ms=0 150ms=0 200ms=0 250ms=0 300ms=0 350ms=0 400ms=0 450ms=0 500ms=0 550ms=0 600ms=0 650ms=0 700ms=0 750ms=0 800ms=0 850ms=0 900ms=0 950ms=0 1000ms=0 1050ms=0 1100ms=0 1150ms=0 1200ms=0 1250ms=0 1300ms=0 1350ms=0 1400ms=0 1450ms=0 1500ms=0 1550ms=0 1600ms=0 1650ms=0 1700ms=0 1750ms=0 1800ms=0 1850ms=0 1900ms=0 1950ms=0 2000ms=0 2050ms=0 2100ms=0 2150ms=0 2200ms=0 2250ms=0 2300ms=0 2350ms=0 2400ms=0 2450ms=0 2500ms=0 2550ms=0 2600ms=0 2650ms=0 2700ms=0 2750ms=0 2800ms=0 2850ms=0 2900ms=0 2950ms=0 3000ms=0 3050ms=0 3100ms=0 3150ms=0 3200ms=0 3250ms=0 3300ms=0 3350ms=0 3400ms=0 3450ms=0 3500ms=0 3550ms=0 3600ms=0 3650ms=0 3700ms=0 3750ms=0 3800ms=0 3850ms=0 3900ms=0 3950ms=0 4000ms=0 4050ms=0 4100ms=0 4150ms=0 4200ms=0 4250ms=0 4300ms=0 4350ms=0 4400ms=0 4450ms=0 4500ms=0 4550ms=0 4600ms=0 4650ms=0 4700ms=0 4750ms=0 4800ms=0 4850ms=0 4900ms=0 4950ms=0
50th gpu percentile: 3ms
90th gpu percentile: 3ms
95th gpu percentile: 3ms
99th gpu percentile: 5ms
GPU HISTOGRAM: 1ms=0 2ms=24 3ms=208 4ms=8 5ms=2 6ms=0 7ms=0 8ms=1 9ms=0 10ms=0 11ms=0 12ms=0 13ms=0 14ms=0 15ms=0 16ms=0 17ms=0 18ms=0 19ms=0 20ms=0 21ms=0 22ms=0 23ms=0 24ms=0 25ms=0 4950ms=0



---PROFILEDATA---
Flags,FrameTimelineVsyncId,IntendedVsync,Vsync,InputEventId,HandleInputStart,AnimationStart,PerformTraversalsStart,DrawStart,FrameDeadline,FrameStartTime,FrameInterval,WorkloadTarget,SyncQueued,SyncStart,IssueDrawCommandsStart,SwapBuffers,FrameCompleted,DequeueBufferDuration,QueueBufferDuration,GpuCompleted,SwapBuffersCompleted,DisplayPresentTime,CommandSubmissionCompleted,
0,208136130,259493184000440,259493184000440,0,259493184456895,259493184457259,259493184782259,259493184824134,259493208648649,259493184403040,10977291,13666666,259493185100072,259493185212832,259493185340592,259493186161947,259493188270020,37552,286250,259493188270020,259493186771165,0,259493186161947,
0,208136159,259493194977731,259493194977731,0,259493195760436,259493195762363,259493196860645,259493197047103,259493219625940,259493195720384,10977245,13666666,259493198096322,259493198451738,259493198863770,259493199858040,259493202020072,60989,300000,259493202020072,259493200509759,0,259493199858040,
0,208136188,259493205954077,259493205954077,1062885433,259493206416530,259493206416790,259493206790124,259493206817363,259493230603185,259493206388978,10977245,13666666,259493207929759,259493208066165,259493208192051,259493209786530,259493212794238,33906,477136,259493212794238,259493211311061,0,259493209786530,
0,208136217,259493216931322,259493216931322,0,259493217301374,259493217301582,259493217576217,259493217600697,259493241580430,259493217272467,10977185,13666666,259493217805749,259493217880853,259493217968353,259493218676374,259493220984238,19583,323177,259493220984238,259493219351895,0,259493218676374,
0,208136246,259493227907431,259493227907431,0,259493228836165,259493228836582,259493229281686,259493229316374,259493252557615,259493228785176,10977185,13666666,259493229619499,259493229749759,259493229885332,259493230794030,259493233389551,34687,413438,259493233389551,259493231622884,0,259493230794030,
0,208136275,259493238884616,259493238884616,0,259493239622884,259493239623301,259493240342624,259493240390645,259493263534800,259493239564395,10977149,13666666,259493240744447,259493240880332,259493241038092,259493242110645,259493244628665,51041,634635,259493244628665,259493243327520,0,259493242110645,
0,208136304,259493249861214,259493249861214,0,259493250789863,259493250790592,259493251165801,259493251211582,259493274511949,259493250723405,10977034,13666666,259493251545488,259493251746947,259493251946790,259493253255020,259493256062051,130625,582760,259493256062051,259493254415957,0,259493253255020,
0,208136333,259493260836707,259493260836707,0,259493261785332,259493261786322,259493262181582,259493262224134,259493285488983,259493261676738,10976993,13666666,259493262676686,259493262815957,259493262984863,259493264317988,259493266490488,44010,258281,259493266490488,259493264838926,0,259493264317988,
0,208136362,259493271813258,259493271813258,0,259493272900436,259493272901322,259493273609759,259493273740020,259493296465976,259493272841009,10976946,13666666,259493274524863,259493274905020,259493275075853,259493276219499,259493278696217,41927,436875,259493278696217,259493277217155,0,259493276219499,
2,208136398,259493282789686,259493282789686,0,259493282789686,259493282789686,259493282789686,259493282789686,259493307442922,259493282789686,10976924,13666666,259493286269290,259493286270384,259493286335332,259493286991374,259493289332676,40573,235313,259493289332676,259493287471895,0,259493286991374,
0,208136420,259493293766404,259493293766404,0,259493294203145,259493294441061,259493294531217,259493294549499,259493318419846,259493294189863,10976924,13666666,259493294737311,259493294797155,259493294890645,259493295483874,259493297582884,27135,391667,259493297582884,259493296169655,0,259493295483874,
0,208136456,259493304743328,259493304743328,102753753,259493305258197,259493305604551,259493305725697,259493305745957,259493329396770,259493305221165,10976909,13666666,259493305964238,259493306056426,259493306217259,259493306846895,259493308879082,27396,246407,259493308879082,259493307375280,0,259493306846895,
0,208136492,259493315720129,259493315720129,51869333,259493316238874,259493316573770,259493316670592,259493316689863,259493340373679,259493316209863,10976894,13666666,259493316853353,259493316929915,259493317035332,259493317623092,259493319623770,20781,215209,259493319623770,259493318071478,0,259493317623092,
0,208136528,259493326696932,259493326696932,0,259493327166374,259493327186582,259493328848926,259493328885749,259493351350573,259493327148040,10976899,13666666,259493330661270,259493330782415,259493331251947,259493334151478,259493336395697,44635,496667,259493336395697,259493335308301,0,259493334151478,
0,208136557,259493337674039,259493337674039,89410613,259493338131999,259493338132520,259493339451061,259493339485072,259493362327472,259493338052155,10976921,13666666,259493340772155,259493340801790,259493340922520,259493341907259,259493344167363,27604,227657,259493344167363,259493342497832,0,259493341907259,
2,208136622,259493359629032,259493359629032,0,259493359629032,259493359629032,259493359629032,259493359629032,259493373295698,259493359629032,10977081,13666666,259493363069863,259493363070645,259493363125957,259493363856582,259493366032624,30000,234219,259493366032624,259493364442520,0,259493363856582,
0,208136615,259493359629032,259493359629032,0,259493368132728,259493368132936,259493371099707,259493371127572,259493373295698,259493368119551,10977081,13666666,259493371814030,259493371873249,259493371995697,259493372765488,259493374814915,24739,178802,259493374814915,259493373199342,0,259493372765488,
0,208136672,259493381584967,259493381584967,0,259493382246426,259493382246634,259493382979290,259493383004499,259493395251633,259493382210384,10977142,13666666,259493391497051,259493391532624,259493391706947,259493394048405,259493396443144,29635,194271,259493396443144,259493394718978,0,259493394048405,
0,208136701,259493392562929,259493392562929,0,259493394863822,259493394863978,259493395397259,259493395420488,259493417205917,259493394852311,10977142,13666666,259493395864447,259493395949290,259493396092624,259493397674551,259493400069290,22448,167448,259493400069290,259493398196322,0,259493397674551,
0,208136730,259493403540071,259493403540071,0,259493404113822,259493404114082,259493404745644,259493404772051,259493428183059,259493404082415,10977205,13666666,259493405421269,259493405531009,259493405666842,259493407103457,259493409349394,20156,285937,259493409349394,259493407695384,0,259493407103457,
0,208136759,259493414518126,259493414518126,0,259493415197363,259493415197624,259493415800644,259493415825957,259493439160264,259493415161530,10977246,13666666,259493416465019,259493416561530,259493416696217,259493418243561,259493420490384,22344,243594,259493420490384,259493418829863,0,259493418243561,
0,208136788,259493425495868,259493425495868,0,259493426095228,259493426095488,259493426611790,259493426637884,259493450137510,259493426060124,10977297,13666666,259493427146322,259493427226790,259493427340697,259493429444967,259493431523926,24948,283281,259493431523926,259493430003197,0,259493429444967,
0,208136817,259493436473742,259493436473742,0,259493437272832,259493437273249,259493437824863,259493437855749,259493461114807,259493437244082,10977313,13666666,259493438353197,259493438457884,259493438589603,259493439927572,259493442193197,20000,199844,259493442193197,259493440490905,0,259493439927572,
0,208136846,259493447451230,259493447451230,0,259493448203769,259493448203926,259493448682207,259493448709811,259493472092120,259493448189082,10977313,13666666,259493449205332,259493449292780,259493449434811,259493450288717,259493452585228,22760,188855,259493452585228,259493450798405,0,259493450288717,
0,208136875,259493458428543,259493458428543,0,259493459110697,259493459111165,259493459867311,259493459909915,259493483069433,259493459056426,10977323,13666666,259493460797519,259493460945124,259493461244603,259493462825384,259493465277624,37917,312604,259493465277624,259493463723874,0,259493462825384,
0,208136904,259493469405938,259493469405938,0,259493469922832,259493469923040,259493470206947,259493470231686,259493494046756,259493469890905,10977332,13666666,259493470666842,259493470766842,259493470887988,259493471706686,259493473845488,26927,225469,259493473845488,259493472233613,0,259493471706686,
0,208136933,259493480383312,259493480383312,0,259493481073405,259493481073874,259493481966374,259493482011634,259493505024088,259493481022415,10977328,13666666,259493482852728,259493483047884,259493483312103,259493485962780,259493488496738,56302,480521,259493488496738,259493487043509,0,259493485962780,
0,208136962,259493491360541,259493491360541,0,259493492250644,259493492251269,259493492893040,259493492957363,259493516001416,259493492224811,10977309,13666666,259493493471738,259493493588197,259493493694759,259493494832207,259493497463978,20625,711094,259493497463978,259493496376374,0,259493494832207,
0,208136991,259493502337511,259493502337511,0,259493503238249,259493503238717,259493503840488,259493503877676,259493526978725,259493503183978,10977286,13666666,259493504581790,259493504688561,259493504805592,259493505648197,259493508191790,23646,215833,259493508191790,259493506208665,0,259493505648197,
0,208137020,259493513314479,259493513314479,0,259493514713197,259493514714082,259493515774863,259493515825019,259493537956011,259493514662467,10977286,13666666,259493517184290,259493517340853,259493517627936,259493519282519,259493521700749,45157,531667,259493521700749,259493520372988,0,259493519282519,
0,208137049,259493524291765,259493524291765,0,259493525457363,259493525457624,259493525782936,259493525803249,259493548933297,259493525427572,10977244,13666666,259493526057467,259493526152572,259493526267624,259493527050072,259493529080332,26875,334428,259493529080332,259493527696842,0,259493527050072,
0,208137078,259493535268474,259493535268474,0,259493535957572,259493535957884,259493536624394,259493536670488,259493559910541,259493535904290,10977244,13666666,259493537171582,259493537279551,259493537509655,259493539816790,259493542257780,46354,372084,259493542257780,259493540907676,0,259493539816790,
0,208137107,259493546245718,259493546245718,0,259493547341061,259493547341322,259493548299238,259493548329967,259493570887785,259493547327155,10977210,13666666,259493548781426,259493548896009,259493549056582,259493549850957,259493551779499,24688,215260,259493551779499,259493550333092,0,259493549850957,
0,208137136,259493557222620,259493557222620,0,259493557683197,259493557683457,259493558038197,259493558062728,259493581864995,259493557653144,10977210,13666666,259493558308509,259493558401790,259493558516894,259493559224863,259493561204499,26615,245677,259493561204499,259493559738822,0,259493559224863,
0,208137165,259493568199830,259493568199830,0,259493568585280,259493568585592,259493568840176,259493568865384,259493592842205,259493568556478,10977215,13666666,259493569153926,259493569296999,259493569484082,259493570160749,259493572425384,21511,270729,259493572425384,259493570917051,0,259493570160749,
0,208137194,259493579177189,259493579177189,0,259493580175801,259493580176165,259493580831165,259493580868874,259493603819420,259493580155592,10977219,13666666,259493581281374,259493581434238,259493581587832,259493582953717,259493585678301,32136,486146,259493585678301,259493584108249,0,259493582953717,
0,208137223,259493590154458,259493590154458,0,259493590979655,259493590980019,259493591371738,259493591406999,259493614796639,259493590928040,10977212,13666666,259493591925957,259493592110436,259493592428769,259493593105436,259493595391842,19740,529114,259493595391842,259493594007311,0,259493593105436,
0,208137252,259493601131523,259493601131523,0,259493602037519,259493602038092,259493602624446,259493602646738,259493625773851,259493601968926,10977212,13666666,259493602944499,259493603050801,259493603160280,259493603918301,259493606384707,21875,299948,259493606384707,259493604887884,0,259493603918301,
0,208137281,259493612108735,259493612108735,0,259493612650280,259493612650540,259493612997363,259493613024967,259493636751063,259493612612936,10977193,13666666,259493613348769,259493613482467,259493613665749,259493614504603,259493616712624,24375,389948,259493616712624,259493615396738,0,259493614504603,
0,208137310,259493623085586,259493623085586,0,259493623851009,259493623851530,259493624621321,259493624668509,259493647728256,259493623811426,10977193,13666666,259493625214238,259493625416426,259493625725592,259493627271113,259493629489655,46719,473177,259493629489655,259493628248144,0,259493627271113,
0,208137339,259493634062779,259493634062779,0,259493634880019,259493634880436,259493635769499,259493635812051,259493658705449,259493634805540,10977166,13666666,259493636432676,259493636617259,259493636807207,259493638283457,259493640536478,40521,496614,259493640536478,259493639399290,0,259493638283457,
0,208137368,259493645039570,259493645039570,0,259493645816321,259493645816790,259493646780749,259493646825228,259493669682615,259493645753196,10979902,13666666,259493647376374,259493647541999,259493647784863,259493649552519,259493652246269,43750,443125,259493652246269,259493650618874,0,259493649552519,
0,208137397,259493656063276,259493656063276,368685631,259493657107728,259493657107936,259493657575957,259493657607051,259493680662517,259493657063613,10979602,13666666,259493657974499,259493658102363,259493658320749,259493659596321,259493661840592,35365,387396,259493661840592,259493660636321,0,259493659596321,
0,208137426,259493667036341,259493667036341,0,259493668167103,259493668167571,259493668757207,259493668804290,259493691642119,259493668141165,10979294,13666666,259493669312571,259493669472155,259493669688301,259493671098405,259493673528405,34167,478542,259493673528405,259493672159603,0,259493671098405,
0,208137462,259493678009292,259493678009292,225588745,259493678519290,259493678849915,259493679100957,259493679121582,259493702621413,259493678490436,10979294,13666666,259493679429759,259493679531217,259493679684707,259493680516269,259493682468821,24532,159843,259493682468821,259493680971478,0,259493680516269,
0,208137491,259493688988586,259493688988586,403754391,259493689438196,259493689816790,259493690413717,259493690438249,259493713600707,259493689406790,10978986,13666666,259493690836374,259493690964551,259493691120436,259493691905644,259493693879290,26979,209740,259493693879290,259493692422624,0,259493691905644,
0,208137520,259493699961222,259493699961222,0,259493700410488,259493700430124,259493701260853,259493701284394,259493724579693,259493700396009,10978678,13666666,259493702484707,259493702574499,259493702691113,259493703549811,259493705612311,23958,161823,259493705612311,259493703983926,0,259493703549811,
0,208137542,259493710933839,259493710933839,0,259493711444499,259493711585019,259493711752832,259493711776478,259493735558371,259493711431946,10978380,13666666,259493712070071,259493712163457,259493712300540,259493712990644,259493714931113,23542,163750,259493714931113,259493713414915,0,259493712990644,
0,208137571,259493721906659,259493721906659,951771277,259493722967207,259493723698665,259493724359394,259493724409915,259493746536751,259493722893561,10978097,13666666,259493725039759,259493725211999,259493725454342,259493732596321,259493734797467,56458,199531,259493734797467,259493733160488,0,259493732596321,
0,208137600,259493732879707,259493732879707,0,259493733521478,259493733541426,259493734392155,259493734421165,259493757514848,259493733479446,10977535,13666666,259493734698196,259493734869863,259493735028092,259493735741530,259493738136894,34167,244791,259493738136894,259493736498353,0,259493735741530,
0,208137622,259493743848416,259493743848416,842378507,259493744381894,259493744382103,259493744880644,259493744905436,259493768492383,259493744346426,10977268,13666666,259493745065801,259493745154707,259493745267207,259493745973613,259493748334551,28073,384792,259493748334551,259493746771009,0,259493745973613,
0,208137644,259493754822032,259493754822032,0,259493755735696,259493755736478,259493756611113,259493756656686,259493779469651,259493755659394,10977268,13666666,259493756935280,259493757098978,259493757302624,259493758511061,259493760838926,46198,492656,259493760838926,259493759483144,0,259493758511061,
0,208137666,259493765799300,259493765799300,0,259493766653561,259493766654238,259493767342103,259493767392467,259493790446919,259493766574134,10976758,13666666,259493767711999,259493767861009,259493768183561,259493769385853,259493771680176,49427,453542,259493771680176,259493770537780,0,259493769385853,
0,208137688,259493776769585,259493776769585,0,259493777728717,259493777729655,259493778345540,259493778392311,259493801423677,259493777660228,10976495,13666666,259493778427155,259493778623561,259493778888301,259493781050592,259493783439238,47812,683386,259493783439238,259493782413821,0,259493781050592,
0,208137710,259493787743152,259493787743152,0,259493788482624,259493788483457,259493789315540,259493789350280,259493812400172,259493788414811,10976226,13666666,259493789870749,259493790026582,259493790250280,259493790769915,259493792753613,24010,301771,259493792753613,259493791355696,0,259493790769915,
0,208137732,259493798716671,259493798716671,0,259493799848301,259493799851686,259493800863717,259493800917519,259493823376398,259493799491269,10976226,13666666,259493800961321,259493801131217,259493801470853,259493802322519,259493804762884,33959,369896,259493804762884,259493803261113,0,259493802322519,
0,208137754,259493809692897,259493809692897,0,259493810359238,259493810359863,259493810768405,259493810789967,259493834352624,259493810327467,10975676,13666666,259493811067728,259493811242415,259493811396478,259493812418665,259493814957311,44010,904739,259493814957311,259493813859551,0,259493812418665,
0,208137776,259493820663645,259493820663645,0,259493821591790,259493821592259,259493822268040,259493822314498,259493845328300,259493821515592,10975396,13666666,259493822347363,259493822479603,259493822657155,259493825849967,259493828358665,45573,615937,259493828358665,259493827137415,0,259493825849967,
0,208137798,259493831637096,259493831637096,0,259493832937676,259493832938769,259493834134863,259493834185488,259493856303696,259493832874394,10975116,13666666,259493834848717,259493835240436,259493835803092,259493838882936,259493841212728,50989,927031,259493841212728,259493840579186,0,259493838882936,
0,208137820,259493842610556,259493842610556,0,259493843337207,259493843337728,259493846142623,259493846184134,259493867278812,259493843283926,10975116,13666666,259493846477832,259493846697936,259493847299707,259493849204082,259493852164603,133229,609844,259493852164603,259493850490019,0,259493849204082,
0,208137842,259493853585672,259493853585672,0,259493854330592,259493854331061,259493855133196,259493855169915,259493878253928,259493854275332,10974828,13666666,259493855304707,259493855413873,259493855522467,259493856354394,259493858962571,38594,339739,259493858962571,259493857061946,0,259493856354394,
0,208137921,259493897515462,259493897515462,0,259493898410853,259493898411478,259493901552259,259493901614342,259493911182128,259493898344030,10977231,13666666,259493906054811,259493906606686,259493906923821,259493910356998,259493912760592,76875,737969,259493912760592,259493911887467,0,259493910356998,
0,208138049,259493974354928,259493974354928,724455324,259493975173405,259493975509707,259493975514811,259493975542571,259493988021594,259493975018248,10977173,13666666,259493976635384,259493976809967,259493977040436,259493978123092,259493980807311,40000,665312,259493980807311,259493979870123,0,259493978123092,
0,208138077,259493985332101,259493985332101,0,259493986245228,259493986284186,259493986686113,259493986723457,259493998998767,259493986184603,10977173,13666666,259493986848405,259493986979863,259493987125540,259493988452467,259493990785071,44219,358438,259493990785071,259493989290696,0,259493988452467,
0,208138106,259493996309274,259493996309274,0,259493997237936,259493997238457,259493997629811,259493997679394,259494009975940,259493997168873,10977150,13666666,259493997838717,259493997973301,259493998126842,259493999348665,259494001706269,36667,583489,259494001706269,259494000504915,0,259493999348665,
0,208138135,259494007286061,259494007286061,460211662,259494008773248,259494008773665,259494010505957,259494010524394,259494020952727,259494008674915,10977062,13666666,259494011328926,259494011467780,259494011736009,259494014291582,259494016487728,34219,353698,259494016487728,259494015195540,0,259494014291582,
0,208138164,259494018261236,259494018261236,0,259494018929342,259494018929707,259494021893196,259494021920696,259494031927902,259494018878196,10977003,13666666,259494030847936,259494030950384,259494031093873,259494032361894,259494034556946,29531,317187,259494034556946,259494033203613,0,259494032361894,
0,208138221,259494040214015,259494040214015,0,259494040623561,259494040623769,259494041646061,259494041669811,259494053880681,259494040576061,10977003,13666666,259494042681113,259494042803300,259494043079967,259494044831686,259494046892467,35469,341979,259494046892467,259494045506790,0,259494044831686,
0,208138250,259494051191018,259494051191018,0,259494051686217,259494051686373,259494052202571,259494052225748,259494064857684,259494051648925,10976935,13666666,259494052701425,259494052888144,259494053017623,259494054186998,259494056586478,32031,235208,259494056586478,259494054875228,0,259494054186998,
0,208138279,259494062166539,259494062166539,0,259494063045540,259494063046061,259494064228196,259494064279446,259494075833205,259494062965436,10976935,13666666,259494065114446,259494065280384,259494065487988,259494067218978,259494069612571,46979,556979,259494069612571,259494068366946,0,259494067218978,
0,208138308,259494073143474,259494073143474,0,259494074139967,259494074140696,259494075184238,259494075233821,259494086810140,259494074052728,10976934,13666666,259494076519082,259494076619030,259494076848092,259494078413613,259494081027311,54792,526563,259494081027311,259494079506634,0,259494078413613,
0,208138337,259494084120492,259494084120492,0,259494084637519,259494084637780,259494085155644,259494085180800,259494097787158,259494084606165,10976948,13666666,259494085632207,259494085753509,259494085881946,259494086601946,259494088860071,28333,249480,259494088860071,259494087231269,0,259494086601946,
0,208138366,259494095097806,259494095097806,0,259494095735175,259494095735488,259494096477519,259494096508769,259494108764472,259494095695228,10976948,13666666,259494096896009,259494097081009,259494097195019,259494098330800,259494100723769,29114,434428,259494100723769,259494099406269,0,259494098330800,
0,208138395,259494106074754,259494106074754,0,259494107454655,259494107455436,259494108618769,259494108663978,259494119741420,259494107419603,10976977,13666666,259494109298978,259494109355280,259494109954030,259494112399030,259494115382571,48282,426927,259494115382571,259494113916894,0,259494112399030,
0,208138424,259494117052632,259494117052632,0,259494117734811,259494117735540,259494118432155,259494118484394,259494130719298,259494117566217,10977010,13666666,259494119173353,259494119352675,259494119665905,259494120991530,259494123411478,50000,597500,259494123411478,259494122066530,0,259494120991530,
0,208138453,259494128030466,259494128030466,0,259494129086425,259494129086946,259494130066634,259494130133925,259494141697132,259494128996321,10977010,13666666,259494130957884,259494131245384,259494131479134,259494133149811,259494136390488,69948,642708,259494136390488,259494134373821,0,259494133149811,
2,208138489,259494139007476,259494139007476,0,259494139007476,259494139007476,259494139007476,259494139007476,259494152674142,259494139007476,10977099,13666666,259494142464186,259494142465071,259494142502415,259494143172155,259494145283300,25208,310156,259494145283300,259494143738144,0,259494143172155,
0,208138511,259494149986562,259494149986562,0,259494150398613,259494150398873,259494150723769,259494150748821,259494163653228,259494150365853,10977099,13666666,259494151076582,259494151150853,259494151245123,259494152059082,259494154340019,23698,314739,259494154340019,259494152726842,0,259494152059082,
0,208138540,259494160963661,259494160963661,0,259494162533248,259494162533665,259494162986061,259494163035905,259494174630327,259494162462415,10977156,13666666,259494163614915,259494163970280,259494164224394,259494165477728,259494168178561,50312,371042,259494168178561,259494166478717,0,259494165477728,
0,208138569,259494171941988,259494171941988,0,259494173239550,259494173240123,259494173961998,259494174007103,259494185608654,259494173171894,10977280,13666666,259494174601946,259494174707623,259494174885019,259494176106686,259494178524811,39739,619427,259494178524811,259494177191478,0,259494176106686,
0,208138598,259494182921614,259494182921614,0,259494183829394,259494183829863,259494184491321,259494184546113,259494196588280,259494183755228,10977357,13666666,259494185222155,259494185397363,259494185627884,259494186954967,259494189545384,50886,653229,259494189545384,259494188340748,0,259494186954967,
0,208138627,259494193900226,259494193900226,0,259494195361738,259494195362311,259494195827259,259494195883769,259494207566892,259494195259394,10977447,13666666,259494196408925,259494196649134,259494197371269,259494197914707,259494200396321,24271,704948,259494200396321,259494199317675,0,259494197914707,
0,208138656,259494204878977,259494204878977,0,259494205802207,259494205803040,259494206185280,259494206231790,259494218545643,259494205743300,10977447,13666666,259494206612311,259494206749186,259494206875748,259494207629394,259494210359811,40833,331459,259494210359811,259494208558873,0,259494207629394,
0,208138685,259494215856424,259494215856424,0,259494217280332,259494217281009,259494217995800,259494218045644,259494229523090,259494217217050,10977718,13666666,259494219318665,259494219434082,259494219641790,259494220371217,259494222664186,26041,460833,259494222664186,259494221152988,0,259494220371217,
0,208138714,259494226837612,259494226837612,0,259494227567571,259494227567884,259494227928457,259494227958457,259494240504278,259494227523769,10977718,13666666,259494228399134,259494228505592,259494228611790,259494229227363,259494231454030,31458,280938,259494231454030,259494229920696,0,259494229227363,
0,208138743,259494237815330,259494237815330,0,259494238853248,259494238854186,259494239310592,259494239350592,259494251481996,259494238575019,10977931,13666666,259494239808665,259494239933925,259494240255436,259494241103040,259494243801478,44010,376927,259494243801478,259494242102467,0,259494241103040,
0,208138772,259494248795870,259494248795870,0,259494249932936,259494249933561,259494250434134,259494250481478,259494262462536,259494249855957,10978023,13666666,259494250777363,259494250980905,259494251148300,259494252226009,259494254594290,40209,459584,259494254594290,259494253116113,0,259494252226009,
0,208138801,259494259774905,259494259774905,0,259494260326061,259494260326582,259494260574134,259494260609550,259494273441571,259494260273196,10978037,13666666,259494260856842,259494261050748,259494261200175,259494261803457,259494264078248,20937,378646,259494264078248,259494262698925,0,259494261803457,
0,208138830,259494270752991,259494270752991,0,259494271447415,259494271447727,259494271664550,259494271691842,259494284419657,259494271403925,10978037,13666666,259494271872102,259494271985488,259494272163821,259494272954342,259494275520852,29844,271927,259494275520852,259494273699082,0,259494272954342,
0,208138859,259494281731028,259494281731028,0,259494282279550,259494282279915,259494282746946,259494282800748,259494295397694,259494282208405,10978032,13666666,259494283166113,259494283378665,259494283784915,259494284656269,259494286909446,45990,409740,259494286909446,259494285395071,0,259494284656269,
0,208138888,259494292708889,259494292708889,0,259494293271165,259494293271477,259494293621842,259494293657311,259494306375555,259494293226009,10977987,13666666,259494293873977,259494293993873,259494294124498,259494294858144,259494297261321,30573,339219,259494297261321,259494295664863,0,259494294858144,
0,208138917,259494303686135,259494303686135,0,259494304806269,259494304806894,259494305315436,259494305364707,259494317352801,259494304748821,10977919,13666666,259494305725123,259494305910227,259494306245905,259494307974238,259494310760800,38489,562448,259494310760800,259494309489707,0,259494307974238,
0,208138946,259494314663003,259494314663003,0,259494315974030,259494315974811,259494316619550,259494316671269,259494328329669,259494315905957,10977749,13666666,259494317064915,259494317210696,259494317379134,259494318448092,259494320919655,44792,534323,259494320919655,259494319613457,0,259494318448092,
0,208138975,259494325638339,259494325638339,0,259494326837884,259494326838925,259494327371477,259494327428561,259494339305005,259494326749655,10977643,13666666,259494327768613,259494328190123,259494328460905,259494329526269,259494332418665,47760,778177,259494332418665,259494330922311,0,259494329526269,
0,208139004,259494336614546,259494336614546,0,259494337591113,259494337591842,259494338196321,259494338242884,259494350281212,259494337494863,10977643,13666666,259494338623144,259494338859238,259494339045592,259494340560644,259494343382050,50886,630364,259494343382050,259494341990592,0,259494340560644,
2,208139040,259494347592189,259494347592189,0,259494347592189,259494347592189,259494347592189,259494347592189,259494361258855,259494347592189,10977439,13666666,259494351033509,259494351035280,259494351148925,259494353228352,259494355838092,31719,305417,259494355838092,259494354248457,0,259494353228352,
0,208139062,259494358566771,259494358566771,0,259494359270800,259494359271113,259494359502936,259494359530748,259494372233437,259494359227936,10977439,13666666,259494359703196,259494359921998,259494360185123,259494360816113,259494363412780,28646,315260,259494363412780,259494361562936,0,259494360816113,
0,208139091,259494369544210,259494369544210,0,259494370466738,259494370468405,259494371011269,259494371064134,259494383210876,259494370436165,10977352,13666666,259494371487207,259494371794030,259494372330019,259494373448821,259494376144550,50469,504740,259494376144550,259494374513977,0,259494373448821,
0,208139120,259494380520344,259494380520344,0,259494381789342,259494381790332,259494382278561,259494382327727,259494394187010,259494381730019,10977226,13666666,259494382947415,259494383043457,259494383244602,259494383821477,259494386234550,23229,306928,259494386234550,259494384649238,0,259494383821477,
0,208139149,259494391496025,259494391496025,0,259494392385800,259494392386269,259494392958040,259494392991738,259494405162691,259494392334290,10977186,13666666,259494393197936,259494393334759,259494393506165,259494394264863,259494396850905,29740,498907,259494396850905,259494395315748,0,259494394264863,
0,208139178,259494402472821,259494402472821,0,259494403486582,259494403487311,259494404256321,259494404298405,259494416139487,259494403450123,10977186,13666666,259494404549655,259494404921790,259494405144550,259494406423873,259494408867467,55573,525729,259494408867467,259494407467102,0,259494406423873,
0,208139207,259494413450007,259494413450007,0,259494413802623,259494413803248,259494413994863,259494414017415,259494427116673,259494413788509,10977117,13666666,259494414184759,259494414279134,259494414439290,259494414966582,259494417081269,26459,175208,259494417081269,259494415448561,0,259494414966582,
0,208139236,259494424426471,259494424426471,0,259494424958144,259494424958457,259494425276842,259494425305280,259494438093137,259494424919550,10977117,13666666,259494425558248,259494425734550,259494425871061,259494426524290,259494428906686,36979,324479,259494428906686,259494427346634,0,259494426524290,
0,208139265,259494435403588,259494435403588,0,259494436298144,259494436298665,259494436817311,259494436867155,259494449070254,259494436275175,10977015,13666666,259494437268977,259494437487988,259494437657363,259494438867884,259494441557832,46667,506459,259494441557832,259494440181165,0,259494438867884,
0,208139316,259494457355886,259494457355886,0,259494458072727,259494458073196,259494458472415,259494458501477,259494471022552,259494458023405,10976973,13666666,259494458744030,259494458953873,259494459098196,259494460235800,259494462530905,40573,568594,259494462530905,259494461278717,0,259494460235800,
0,208139359,259494479309832,259494479309832,0,259494480542936,259494480543561,259494481218821,259494481265748,259494492976498,259494480453769,10976929,13666666,259494481702779,259494481889967,259494482095592,259494483476425,259494486040384,55677,590885,259494486040384,259494484911061,0,259494483476425,
0,208139402,259494501262978,259494501262978,0,259494502376946,259494502377467,259494502926009,259494502965175,259494514929644,259494502294550,10976918,13666666,259494503359082,259494503564238,259494503979707,259494505648561,259494508091894,57969,563177,259494508091894,259494506743821,0,259494505648561,
0,208139423,259494512239686,259494512239686,0,259494513338821,259494513339863,259494515856998,259494515918873,259494525906352,259494513258040,10976918,13666666,259494516458821,259494516806738,259494517016165,259494518236217,259494520767311,44167,647135,259494520767311,259494519397675,0,259494518236217,
0,208139445,259494523216604,259494523216604,0,259494523712519,259494523712832,259494524414082,259494524436894,259494536883270,259494523678144,10976940,13666666,259494524539238,259494524628352,259494524800592,259494525331061,259494527275384,24011,172709,259494527275384,259494525727259,0,259494525331061,
0,208139489,259494545170807,259494545170807,0,259494546310852,259494546311373,259494547464863,259494547582050,259494558837473,259494546232571,10976974,13666666,259494547753769,259494547903769,259494548132259,259494549515436,259494552136529,57605,637500,259494552136529,259494550855071,0,259494549515436,
0,208139510,259494556148401,259494556148401,0,259494557472519,259494557473144,259494558157623,259494558192415,259494569815067,259494557441061,10976974,13666666,259494558224186,259494558468925,259494558612623,259494559554238,259494561887779,45052,874218,259494561887779,259494561083457,0,259494559554238,
0,208139532,259494567125375,259494567125375,0,259494567461321,259494567461894,259494567848613,259494567867415,259494580792041,259494567425384,10977071,13666666,259494567890957,259494567969446,259494568190227,259494568638821,259494570727311,25521,203698,259494570727311,259494569086165,0,259494568638821,
0,208139554,259494578104229,259494578104229,0,259494578686061,259494578686529,259494579408873,259494579444550,259494591770895,259494578618144,10977071,13666666,259494579478144,259494579613509,259494579736321,259494580702050,259494583015852,46354,553386,259494583015852,259494581713925,0,259494580702050,
0,208139576,259494589081300,259494589081300,0,259494590223717,259494590224394,259494590862519,259494590891998,259494602747966,259494590146373,10977155,13666666,259494590931634,259494591102623,259494591387415,259494592382311,259494594863248,38490,449167,259494594863248,259494593416425,0,259494592382311,
0,208139598,259494600060053,259494600060053,0,259494601155175,259494601155904,259494602070019,259494602109498,259494613726719,259494601072571,10977174,13666666,259494602148404,259494602334759,259494602591946,259494603602311,259494605784654,43125,498021,259494605784654,259494604509238,0,259494603602311,
0,208139620,259494611037611,259494611037611,0,259494611756634,259494611757259,259494612848613,259494612897415,259494624704277,259494611699654,10977184,13666666,259494612951686,259494613135540,259494613270227,259494614078509,259494616570384,44688,456667,259494616570384,259494614965436,0,259494614078509,
0,208139642,259494622014983,259494622014983,0,259494622968717,259494622969342,259494623650436,259494623684602,259494635681649,259494622895332,10977184,13666666,259494623715592,259494623858352,259494623997988,259494625390957,259494627997936,72083,444688,259494627997936,259494626645436,0,259494625390957,
0,208139664,259494632992167,259494632992167,0,259494633891790,259494633892207,259494634519967,259494634554029,259494646658833,259494633818613,10977199,13666666,259494634586009,259494634728300,259494634918404,259494636399394,259494639118665,40209,680678,259494639118665,259494637565852,0,259494636399394,
0,208139686,259494643969590,259494643969590,0,259494644953717,259494644954134,259494645512779,259494645546634,259494657636256,259494644885384,10977211,13666666,259494645576634,259494645671165,259494645851790,259494646889811,259494649450175,38646,439375,259494649450175,259494648465904,0,259494646889811,
0,208139708,259494654946888,259494654946888,0,259494656247832,259494656248561,259494657226894,259494657260332,259494668613554,259494656165852,10977220,13666666,259494657856842,259494658075332,259494658284446,259494659791477,259494662438873,76354,513177,259494662438873,259494660972519,0,259494659791477,
---PROFILEDATA---


View hierarchy:

  cn.verlu.sync/cn.verlu.sync.MainActivity/android.view.ViewRootImpl@9a94cda
  13 views, 26.41 kB of render nodes


Total ViewRootImpl   : 1
Total attached Views : 13
Total RenderNode     : 26.41 kB (used) / 62.07 kB (capacity)


